-3.050036598942164687e+02,-1.773910604997799055e+03,7.000000000000000000e+00,7.000000000000000000e+00,-9.998407975194545383e-01,-1.784319522005739511e-02,6.343290624442943226e-03,0.000000000000000000e+00,3.138467936312043793e+00,9.979759166595062879e-05,3.841651051401230177e+01,-1.828155138798093660e+01
-3.046333032071206617e+02,-1.795049714559258518e+03,7.000000000000000000e+00,7.000000000000000000e+00,-9.998474419748769604e-01,-1.746690517221113556e-02,1.780517186938368468e-02,2.114235377468224542e+01,3.125513777723199382e+00,-8.101761581510901681e-05,3.900990783007139839e+01,2.890675129251487618e+00
-3.042475238770196597e+02,-1.817194051232597531e+03,7.000000000000000000e+00,7.000000000000000000e+00,-9.998480435740463301e-01,-1.743243417173721832e-02,6.646244683309987522e-02,4.329010406227773444e+01,3.126308922620421704e+00,5.426086653952918200e-06,4.072905061741349186e+01,3.044465520635668554e+00
-3.038533097000017733e+02,-1.839787467749230018e+03,7.000000000000000000e+00,7.000000000000000000e+00,-9.998482177956651284e-01,-1.742243871655888704e-02,1.139746348283665611e-01,6.588700766644019780e+01,3.126254276327296466e+00,-4.731793005479409097e-07,4.144548024657993324e+01,1.831208523003766686e+00
-3.034531144917308438e+02,-1.862783724873179608e+03,7.000000000000000000e+00,7.000000000000000000e+00,-9.998481544797765963e-01,-1.742607194363859566e-02,1.615343969639866373e-01,8.888679757783731361e+01,3.126329886263074176e+00,-6.000215950655399582e-06,4.219401743581650521e+01,1.912069049427493894e+00
-3.030442741010659802e+02,-1.886200496383127756e+03,7.000000000000000000e+00,7.000000000000000000e+00,-9.998476924825208112e-01,-1.745255962254767951e-02,2.145524973929582302e-01,1.123072019221459641e+02,3.126288327196258265e+00,9.267852400792536482e-06,4.297513548612192835e+01,1.991123670669505685e+00
-3.026279075143151545e+02,-1.910055830370908325e+03,7.000000000000000000e+00,7.000000000000000000e+00,-9.998477028786710852e-01,-1.745196402255800097e-02,2.632054887631056772e-01,1.361662187437094360e+02,3.125721504714414234e+00,3.771437761138765257e-05,4.378691637235210976e+01,2.008593802884366397e+00
-3.022038343820159412e+02,-1.934355536840210789e+03,7.000000000000000000e+00,7.000000000000000000e+00,-9.998478692498646847e-01,-1.744242977642156481e-02,2.906427280805701230e-01,1.604696381408733430e+02,3.124763400601418439e+00,4.109681800604180998e-05,4.458201052842942147e+01,1.945509572269807919e+00
-3.017758876781926460e+02,-1.959083244554921066e+03,7.000000000000000000e+00,7.000000000000000000e+00,-9.998500772637225475e-01,-1.731539764856822664e-02,2.900488453433354152e-01,1.852010117526864406e+02,3.123285145337598934e+00,7.786963938435329273e-05,4.534332403016795610e+01,1.862074415729866317e+00
-3.013426287687444756e+02,-1.984220303871544502e+03,7.000000000000000000e+00,7.000000000000000000e+00,-9.998394466571677297e-01,-1.791873065506224827e-02,2.388552924243754205e-01,2.103419966377825858e+02,3.125705728563279884e+00,-2.650368361923070349e-04,4.607167006101331452e+01,1.780353135318142321e+00
-3.008743948145535683e+02,-2.009748016208827494e+03,7.000000000000000000e+00,7.000000000000000000e+00,-9.998342577272872900e-01,-1.820596262009789232e-02,3.865551193969167798e-01,2.358744789902669368e+02,3.134279998414660540e+00,-4.047422191984091340e-04,4.676760653842246995e+01,1.701317248241682734e+00
-3.004037591208582967e+02,-2.035645286139377049e+03,7.000000000000000000e+00,7.000000000000000000e+00,-9.997898823757627174e-01,-2.049856334132894517e-02,8.017062994718457958e-01,2.617812047796377897e+02,3.140564902903373312e+00,-8.513402587050971574e-05,4.743272385960666071e+01,1.623899704965161561e+00
-2.998095949864170393e+02,-2.061896947546914362e+03,7.000000000000000000e+00,7.000000000000000000e+00,-9.997866720857974121e-01,-2.065454718956799551e-02,1.397970543464396087e+00,2.880453068822812384e+02,3.126547534531364914e+00,1.137169481582723509e-03,4.806672630239459920e+01,1.516684616873558156e+00
-2.993475512408513737e+02,-2.088503809707044638e+03,7.000000000000000000e+00,7.000000000000000000e+00,-9.999739018955087211e-01,-7.224647248927925855e-03,1.062582429131509798e+00,3.146429199870661932e+02,3.072995120077695930e+00,2.875359049060175701e-03,4.864607155310550723e+01,1.412160142485507919e+00
-2.992395998444058023e+02,-2.115257617475891493e+03,7.000000000000000000e+00,7.000000000000000000e+00,-9.999990743400972715e-01,-1.360631819624175554e-03,-1.696354375775911194e+00,3.415399633515982600e+02,3.025447854919690371e+00,6.877724274728495586e-04,4.919645441638300554e+01,1.367128761162437200e+00
-2.992123177201816020e+02,-2.142325326673980271e+03,7.000000000000000000e+00,7.000000000000000000e+00,-9.998871225646629446e-01,-1.502471728049112852e-02,-5.072347219708149169e+00,3.687473887374385981e+02,3.036087303688509653e+00,-1.446743270512566241e-03,4.973977456203545700e+01,1.334396943708586747e+00
-2.981828391896716539e+02,-2.170063525210216994e+03,7.000000000000000000e+00,7.000000000000000000e+00,-9.979201842509815013e-01,-6.446166197428636335e-02,-6.413262981945251795e+00,3.962496284105185964e+02,3.028877293742943344e+00,1.939495806790769022e-03,5.026397197134987493e+01,1.130956307022881191e+00
-2.942371473508092663e+02,-2.198640618405561327e+03,7.000000000000000000e+00,7.000000000000000000e+00,-9.721964728565308800e-01,-2.341666461418460965e-01,-6.488263492976443558e+00,4.239897719043329971e+02,2.934358162803899717e+00,4.875261862522965034e-03,5.064453960765376195e+01,9.435935626228530992e-01
-2.867491491386766143e+02,-2.226145611091013052e+03,7.000000000000000000e+00,7.000000000000000000e+00,-9.485722020176363678e-01,-3.165608591715222686e-01,-6.742566134652975052e+00,4.519265103588589909e+02,2.821390932547550356e+00,3.241065623784448145e-03,5.101884682144815741e+01,9.432790209478181254e-01
-2.763781949372756230e+02,-2.252926202292786002e+03,7.000000000000000000e+00,7.000000000000000000e+00,-9.191063407260295914e-01,-3.940095613525231300e-01,-6.624879304393516577e+00,4.800907898655943313e+02,2.716624150440430263e+00,4.213861064339995306e-03,5.139916282441201645e+01,7.926630425203118335e-01
-2.627773393538960249e+02,-2.279011380117228782e+03,7.000000000000000000e+00,7.000000000000000000e+00,-8.413834180629650161e-01,-5.404386586918832336e-01,-6.735149661056539117e+00,5.084008133630171073e+02,2.599589605921877489e+00,4.056555599150644779e-03,5.165297725546440688e+01,7.781906632119284239e-01
-2.463753070123578937e+02,-2.303007045406340239e+03,7.000000000000000000e+00,7.000000000000000000e+00,-7.934171038388063701e-01,-6.086783217234212895e-01,-6.736862601626853575e+00,5.369047452994008154e+02,2.492278933097249016e+00,3.481621938058480133e-03,5.202171535498155919e+01,7.401884995062868455e-01
-2.274549118624294977e+02,-2.325262614200049484e+03,7.000000000000000000e+00,7.000000000000000000e+00,-7.398599540242194461e-01,-6.727609147619084684e-01,-6.571339025434781433e+00,5.655592564831997606e+02,2.374717378638438792e+00,4.685999605501471599e-03,5.224512805506943636e+01,6.675028391171089481e-01
-2.055443503587222551e+02,-2.345639562712048701e+03,7.000000000000000000e+00,7.000000000000000000e+00,-6.180739843379242648e-01,-7.861199335245502295e-01,-6.940483706336863179e+00,5.943591684487889779e+02,2.265504395494358114e+00,2.871836208922447925e-03,5.255571762627524635e+01,6.998704866242722034e-01
-1.817478654231696282e+02,-2.363093023595872182e+03,7.000000000000000000e+00,7.000000000000000000e+00,-5.513009760565196204e-01,-8.343064387856111708e-01,-6.350638333940423763e+00,6.233335356996348082e+02,2.155518291200327230e+00,4.717803818330043933e-03,5.280502444436885412e+01,5.704566465700100508e-01
-1.561851810086041894e+02,-2.378015940572976433e+03,7.000000000000000000e+00,7.000000000000000000e+00,-4.804480163675917126e-01,-8.770232058323463864e-01,-6.693647517116005474e+00,6.524006795124291784e+02,2.034631852610513825e+00,3.596932689907034447e-03,5.301208294353125439e+01,5.912066904848600757e-01
-1.283309437656352259e+02,-2.389987566252218585e+03,7.000000000000000000e+00,7.000000000000000000e+00,-3.295910159265765249e-01,-9.441238066167420007e-01,-6.513356116660816042e+00,6.816266443674114726e+02,1.921023252740674758e+00,4.196212881040027771e-03,5.327798979675674218e+01,5.133953750506581315e-01
-9.969221264320248110e+01,-2.398577185002043279e+03,7.000000000000000000e+00,7.000000000000000000e+00,-2.440180417094595100e-01,-9.697706921330838670e-01,-6.582633566184085794e+00,7.109408938470484145e+02,1.792636535596092928e+00,4.580785843599413827e-03,5.342279924357178089e+01,5.009677192418937608e-01
-6.944798046162117089e+01,-2.403566834670491517e+03,7.000000000000000000e+00,7.000000000000000000e+00,-6.474903306807072711e-02,-9.979015796744435951e-01,-6.846073521420748875e+00,7.403746126987578009e+02,1.684592791174481130e+00,2.783858313960784620e-03,5.367876397215025719e+01,6.128740283454092719e-01
-3.951421225545603733e+01,-2.404649772271127858e+03,7.000000000000000000e+00,7.000000000000000000e+00,-2.320132918046170258e-03,-9.999973084879991703e-01,-5.760545143044055294e+00,7.699570023858697141e+02,1.601797616675880498e+00,2.821601320880101106e-03,5.391309846624810831e+01,6.769822391040936083e-01
-9.634937298669017380e+00,-2.404002117929092947e+03,7.000000000000000000e+00,7.000000000000000000e+00,2.556055142482251477e-02,-9.996732757310555773e-01,-5.431942088496271026e+00,7.996857619383321207e+02,1.557896711230695841e+00,1.490036071603011039e-04,5.422034976343353208e+01,2.477058701691170484e-01
2.020427154916519186e+01,-2.403202505013276095e+03,7.000000000000000000e+00,7.000000000000000000e+00,1.888003072436460900e-02,-9.998217563345214165e-01,-5.083146173633849685e+00,8.295712578214067889e+02,1.556845670631346712e+00,-7.926424049163914099e-05,5.411126316238340195e+01,-1.359816947120826569e+00
4.956752637941542616e+01,-2.402677864674853026e+03,7.000000000000000000e+00,7.000000000000000000e+00,1.958111890466369964e-02,-9.998082715113140173e-01,-4.933416098964698904e+00,8.589362736742871220e+02,1.556682155170107995e+00,9.192598609413581514e-05,5.313249620573687082e+01,-7.581105317477199179e-01
7.889443612931432881e+01,-2.402041679496717279e+03,7.000000000000000000e+00,7.000000000000000000e+00,2.112219370483149963e-02,-9.997769015800953563e-01,-4.750830791170301381e+00,8.882629436569588961e+02,1.551787351179036989e+00,2.401406513475694282e-04,5.350477473698522601e+01,9.095021803606861965e-01
1.083592940556032715e+02,-2.401536938050639492e+03,7.000000000000000000e+00,7.000000000000000000e+00,9.606650726510299401e-03,-9.999538550662319114e-01,-4.910415805785305565e+00,9.177884703105728477e+02,1.552196341605995622e+00,-2.645065832915034407e-04,5.386009795002541978e+01,8.687844000656586019e-01
1.380373361032928869e+02,-2.401380061613089310e+03,7.000000000000000000e+00,7.000000000000000000e+00,2.064149439399686273e-03,-9.999978696412766821e-01,-5.190015402752123919e+00,9.475061807301335648e+02,1.553122148563043314e+00,1.993459719142904457e-04,5.419980225703775290e+01,6.749206337784130483e-01
1.681791623650222789e+02,-2.401456441782008824e+03,7.000000000000000000e+00,7.000000000000000000e+00,4.601886693453954152e-02,-9.989405707478604679e-01,-5.889352661778957554e+00,9.773940623207349745e+02,1.516714275139221302e+00,2.273717186197487302e-03,5.440003445704815022e+01,-1.434614360484935958e+00
1.980134114574437092e+02,-2.399538639728549242e+03,7.000000000000000000e+00,7.000000000000000000e+00,1.170425128767511175e-01,-9.931269053748849052e-01,-6.599501755408255121e+00,1.006840930230470121e+03,1.442429335805708313e+00,2.761884589140817768e-03,5.305211076864980413e+01,-1.367396479609395143e+00
2.274106247875005522e+02,-2.394518423007868023e+03,7.000000000000000000e+00,7.000000000000000000e+00,2.030158035566037855e-01,-9.791754610417208182e-01,-6.590026890603439824e+00,1.036089270392001936e+03,1.336995252892981378e+00,4.433845811068118543e-03,5.330611727336063410e+01,5.243459878088785331e-01
2.565338904496213672e+02,-2.385731730193382646e+03,7.000000000000000000e+00,7.000000000000000000e+00,3.602576413664070332e-01,-9.328528457570964827e-01,-6.742467471749932884e+00,1.065417869742149605e+03,1.221030317011421618e+00,3.486514543959242686e-03,5.347158755889690696e+01,5.545957883175667291e-01
2.841335172895753658e+02,-2.373919594569484161e+03,7.000000000000000000e+00,7.000000000000000000e+00,4.339326803343077632e-01,-9.009452974170426565e-01,-6.639180260258399358e+00,1.094902409214436602e+03,1.115581372546467609e+00,3.684138300503195240e-03,5.374979390401468748e+01,4.853954218050571257e-01
3.108779105195743568e+02,-2.358986982915003409e+03,7.000000000000000000e+00,7.000000000000000000e+00,5.723193193054975092e-01,-8.200308510962815989e-01,-6.667590497019318718e+00,1.124466273167469126e+03,9.970813004432425020e-01,4.329841472087189724e-03,5.385990389634095266e+01,4.470059428881878461e-01
3.352269396404803956e+02,-2.341089955592831302e+03,7.000000000000000000e+00,7.000000000000000000e+00,6.362036966080188982e-01,-7.715211315461759645e-01,-6.790978571869118241e+00,1.154143697949616126e+03,8.886231365661120263e-01,2.982532709730432389e-03,5.410739865832523776e+01,4.722863652150888214e-01
3.576791572621769433e+02,-2.320714688089899028e+03,7.000000000000000000e+00,7.000000000000000000e+00,6.960896790455666228e-01,-7.179548444897074777e-01,-6.475019828946415146e+00,1.183929327205835307e+03,7.739569787105667897e-01,-4.689459421508242361e-03,5.423773298851302371e+01,3.744504342729904067e-01
3.779625377884908062e+02,-2.297393349257390128e+03,7.000000000000000000e+00,7.000000000000000000e+00,8.016575569882916641e-01,-5.977835405258026258e-01,-6.832227140568647883e+00,1.213776943297131766e+03,6.596956535459213011e-01,-2.973903326652346194e-03,5.440695900574363009e+01,-1.559891858063338077e+00
3.950786646513142841e+02,-2.272605207899656762e+03,7.000000000000000000e+00,7.000000000000000000e+00,8.463354033774139751e-01,-5.326503402702282841e-01,-6.508954780780413785e+00,1.243376164083815866e+03,5.561009464684739667e-01,-4.058129171424266005e-03,5.298981950206235325e+01,-1.482099952706859014e+00
4.095717724803399165e+02,-2.246084384400996441e+03,7.000000000000000000e+00,7.000000000000000000e+00,9.195470976794750673e-01,-3.929798151931647165e-01,-6.646073871551834600e+00,1.272559526991872190e+03,4.424561001050742459e-01,-3.659139281961674116e-03,5.322127904357814288e+01,6.204483505103386420e-01
4.206768030880469951e+02,-2.218370154016237393e+03,7.000000000000000000e+00,7.000000000000000000e+00,9.482385365475103356e-01,-3.175589359571478476e-01,-6.420156099659834581e+00,1.301893666012411813e+03,3.293916888612607452e-01,-4.064005595086006388e-03,5.348617818247062417e+01,5.974294585193806739e-01
4.287991361285800167e+02,-2.189477582250655814e+03,7.000000000000000000e+00,7.000000000000000000e+00,9.720924273509635727e-01,-2.345981941254272063e-01,-6.538883192360458452e+00,1.331347853779117941e+03,2.057650738762801523e-01,-4.348819452725728729e-03,5.369922261039364741e+01,5.957711605778381880e-01
4.332257466367210554e+02,-2.159051113723165599e+03,7.000000000000000000e+00,7.000000000000000000e+00,9.981779489214940293e-01,-6.033889530708494431e-02,-6.610095745402645662e+00,1.360936607928071226e+03,9.852740801568715678e-02,-2.920816902308748242e-03,5.396279511093289472e+01,6.876624750167437128e-01
4.340564266525626067e+02,-2.128941771232102838e+03,7.000000000000000000e+00,7.000000000000000000e+00,9.999998504694616042e-01,5.468647496742759864e-04,-5.781823786550205568e+00,1.390689558140115651e+03,2.390565917738831855e-02,-2.108143410748663637e-03,5.424935259040704238e+01,1.400975641891832879e-01
4.332946434216822240e+02,-2.098921854612566676e+03,7.000000000000000000e+00,7.000000000000000000e+00,9.996504680494217032e-01,2.643750609592671399e-02,-5.243929377265942549e+00,1.420574825206955893e+03,-1.286474768042230113e-02,-3.702897686285066994e-04,5.407487316228424135e+01,-1.391191495521031385e+00
4.325544398859410649e+02,-2.069620901280030012e+03,7.000000000000000000e+00,7.000000000000000000e+00,9.998341047917921331e-01,1.821435958785254383e-02,-5.042721833804534981e+00,1.449927532459030772e+03,-1.505281059462170064e-02,2.281216020300071384e-04,5.313639939399021728e+01,-7.186583738539109589e-01
4.320487749097648020e+02,-2.040304500889616520e+03,7.000000000000000000e+00,7.000000000000000000e+00,9.998506618220858178e-01,1.728161028194563978e-02,-4.880196727496752374e+00,1.479253453994008169e+03,-1.269965860036370749e-02,-6.739698223311574169e-05,5.349994646320111258e+01,8.861454376896116258e-01
4.315042090817235589e+02,-2.010772293716981039e+03,7.000000000000000000e+00,7.000000000000000000e+00,9.997845925496049446e-01,2.075496327195814131e-02,-4.739989988842580715e+00,1.508774385962428369e+03,-1.511455725654397772e-02,-8.802385386958951671e-05,5.384531574414190658e+01,8.775159369828955391e-01
4.308264249549708325e+02,-1.978389957931163735e+03,7.000000000000000000e+00,7.000000000000000000e+00,9.998849148068641446e-01,1.517093081093032723e-02,-4.593750206224399335e+00,1.541189775077062905e+03,-1.636368193736144686e-02,3.355300506759529167e-06,5.420195921278742901e+01,5.559991176218748166e-01
4.305145059972960553e+02,-1.948505772739938266e+03,7.000000000000000000e+00,7.000000000000000000e+00,9.998990771245617193e-01,1.420688443853242167e-02,-4.769248836288795701e+00,1.571079870761855318e+03,-1.625940012769254428e-02,3.391489821845894405e-06,5.429011503823940643e+01,-1.390347338344986028e+00
4.299357350299324594e+02,-1.919070003096894425e+03,7.000000000000000000e+00,7.000000000000000000e+00,9.998504521019813129e-01,1.729373966103320281e-02,-4.667642180558232212e+00,1.600506541021573639e+03,-1.588143181465707585e-02,2.233919730861608127e-05,5.308968134211144019e+01,-1.042569901355401285e+00
4.294246986147876441e+02,-1.889772657969202783e+03,7.000000000000000000e+00,7.000000000000000000e+00,9.998479271403948321e-01,1.743911101678519496e-02,-4.612304553059061618e+00,1.629807716376194094e+03,-1.551508751164430711e-02,2.553452774914304928e-06,5.345605911715508540e+01,8.926774057187270017e-01
4.289112869550160667e+02,-1.860279802731964082e+03,7.000000000000000000e+00,7.000000000000000000e+00,9.998483933421942194e-01,1.741236144332284144e-02,-4.555416730178421858e+00,1.659305218660320179e+03,-1.564791279858782080e-02,-1.146989812126918827e-05,5.380382326668642179e+01,8.469775596966755415e-01
4.283942270449422836e+02,-1.830600562151123540e+03,7.000000000000000000e+00,7.000000000000000000e+00,9.998483247718340516e-01,1.741629842868333208e-02,-4.507840798510983404e+00,1.688988982967882748e+03,-1.601406174993464174e-02,-1.319352770464302304e-05,5.413364116491242584e+01,8.032849937897523773e-01
4.278741645385231323e+02,-1.800744669301004706e+03,7.000000000000000000e+00,7.000000000000000000e+00,9.998483223202776493e-01,1.741643916896190233e-02,-4.471785793321544134e+00,1.718849426114906464e+03,-1.625450564070983830e-02,-3.016603458026288194e-06,5.444645126171822369e+01,-1.403546784495626198e+00
4.273588541864045283e+02,-1.771161517835140785e+03,7.000000000000000000e+00,7.000000000000000000e+00,9.998483227077382685e-01,1.741641692548633047e-02,-4.438714405567679933e+00,1.748437083930882409e+03,-1.601369761196645702e-02,1.953983114395645487e-05,5.301080373731592488e+01,-1.333931029687365211e+00
4.268492882114820191e+02,-1.741908158791695996e+03,7.000000000000000000e+00,7.000000000000000000e+00,9.998483227143024621e-01,1.741641654864831829e-02,-4.389190610235061740e+00,1.777694922632874977e+03,-1.558020516501527376e-02,9.805924846403667235e-06,5.337930643796833152e+01,9.002248558480641094e-01
4.263362645125603194e+02,-1.712456297779769102e+03,7.000000000000000000e+00,7.000000000000000000e+00,9.998483227118710737e-01,1.741641668823346728e-02,-4.330851029816471964e+00,1.807151309272310300e+03,-1.556205486606628517e-02,-8.453419561818217254e-06,5.373098362199437616e+01,8.565830300377896833e-01
4.258199598417431275e+02,-1.682816081269270171e+03,7.000000000000000000e+00,7.000000000000000000e+00,9.998483227131561568e-01,1.741641661445990363e-02,-4.279543724888640099e+00,1.836796066612536151e+03,-1.592356863846796505e-02,-1.589421915327641875e-05,5.406457286199856327e+01,8.124583426849696366e-01
4.253005426977021557e+02,-1.652997182705056503e+03,7.000000000000000000e+00,7.000000000000000000e+00,9.998483227131755857e-01,1.741641661334230110e-02,-4.242021710668723244e+00,1.866619512316448890e+03,-1.624422889559613489e-02,-5.721543657926578292e-06,5.438095029614235187e+01,-9.208772827873001887e-01
4.247826348934623297e+02,-1.623264932911511096e+03,7.000000000000000000e+00,7.000000000000000000e+00,9.998483227131049755e-01,1.741641661739311286e-02,-4.209675529260834992e+00,1.896356290093368443e+03,-1.612356567075183891e-02,1.409114562092995955e-05,5.332787103576872312e+01,-1.349007237189905339e+00
4.242734566658426729e+02,-1.594033833998360706e+03,7.000000000000000000e+00,7.000000000000000000e+00,9.998483227131126361e-01,1.741641661695819340e-02,-4.165727350976339949e+00,1.925591856405317230e+03,-1.565496388599393190e-02,1.761626557037415864e-05,5.330174450639042760e+01,4.117642184969927399e-01
4.237611578684875440e+02,-1.564623588220765441e+03,7.000000000000000000e+00,7.000000000000000000e+00,9.998483227131105266e-01,1.741641661707474947e-02,-4.106314147690284244e+00,1.955006623728636896e+03,-1.549299498212664689e-02,-6.454379090931991778e-06,5.365728241056631731e+01,8.661343076903360583e-01
4.232455409152878474e+02,-1.535022852481209839e+03,7.000000000000000000e+00,7.000000000000000000e+00,9.998483227131139683e-01,1.741641661688226456e-02,-4.052155020162899746e+00,1.984611899447274709e+03,-1.582804462706231818e-02,-1.612318864077824491e-05,5.399465195254269645e+01,8.217115379466211067e-01
4.227267760413020596e+02,-1.505241399697340512e+03,7.000000000000000000e+00,7.000000000000000000e+00,9.998483227131146345e-01,1.741641661684030506e-02,-4.011926454162335176e+00,2.014397897252449184e+03,-1.607746004686809102e-02,-7.205886244306990555e-07,5.431465164092361420e+01,-3.885164621363212945e-01
4.222071417307852244e+02,-1.475410033967179061e+03,7.000000000000000000e+00,7.000000000000000000e+00,9.998483227131144124e-01,1.741641661685073769e-02,-3.972271385099077179e+00,2.044233814762521206e+03,-1.594662167177350251e-02,9.675430039751553652e-06,5.368383878283363941e+01,-1.364199797744554132e+00
4.216970555618378285e+02,-1.446150912970145782e+03,7.000000000000000000e+00,7.000000000000000000e+00,9.998493523542920647e-01,1.735720590137419111e-02,-3.924590168832139625e+00,2.073497652265570196e+03,-1.752756802119326274e-02,-1.174759126431983825e-04,5.322329180272797089e+01,-1.263784495103870142e-01
4.211882753131618529e+02,-1.416783285287121316e+03,7.000000000000000000e+00,7.000000000000000000e+00,9.998517187589593957e-01,1.722035117977745514e-02,-3.981093343163649934e+00,2.102870284072330378e+03,-1.845634444873553784e-02,5.344910111703125480e-05,5.358273602322532980e+01,8.755283788066314798e-01
4.206811212518932734e+02,-1.387222512164922136e+03,7.000000000000000000e+00,7.000000000000000000e+00,9.998521856340084613e-01,1.719322200450566079e-02,-3.996370820984566308e+00,2.132435518687509557e+03,-1.506075044818227723e-02,1.755173072883412367e-04,5.392371450577327607e+01,8.306344249328390106e-01
4.201916719848773027e+02,-1.357458360822077793e+03,7.000000000000000000e+00,7.000000000000000000e+00,9.997469360723311160e-01,2.249586215254548507e-02,-3.878145103266376736e+00,2.162183449764133456e+03,-1.143672552437562454e-02,6.889195081256869481e-05,5.424724356317160101e+01,1.535019095367395892e-01
4.194202544786990643e+02,-1.327592263811179009e+03,7.000000000000000000e+00,7.000000000000000000e+00,9.997934073183339931e-01,2.032591161045381803e-02,-3.417615257208353796e+00,2.192068942781037549e+03,-5.066670746452247784e-03,3.643357838466643075e-04,5.404651603340266774e+01,-1.380884565796796082e+00
4.190364131906885632e+02,-1.298277337900528210e+03,7.000000000000000000e+00,7.000000000000000000e+00,9.999096052315042948e-01,1.344549611495590019e-02,-3.022267552022356085e+00,2.221412701040130742e+03,3.912859148800866896e-03,2.410917703976818731e-04,5.314253591053416415e+01,-6.757832239867855861e-01
4.185713306090549963e+02,-1.268962535540635372e+03,7.000000000000000000e+00,7.000000000000000000e+00,9.999334173975906737e-01,1.153953082130017294e-02,-2.338563781519610529e+00,2.250741967297872634e+03,4.941196779338425521e-03,-1.699589167549422518e-04,5.350588945421323928e+01,8.835675428690414890e-01
4.183589445186969442e+02,-1.239460704651631431e+03,7.000000000000000000e+00,7.000000000000000000e+00,9.999967843953591062e-01,2.535980863844008223e-03,-2.053730306301702058e+00,2.280265664417901007e+03,-9.665815004716124537e-03,-8.157805421972420725e-04,5.384938994482939734e+01,8.234325226116734342e-01
4.184450799198552318e+02,-1.209777926314169235e+03,7.000000000000000000e+00,7.000000000000000000e+00,9.999943465120741948e-01,-3.362579945454647386e-03,-2.784609785229633871e+00,2.309970012281798518e+03,-4.447881532020502016e-02,-1.525351748154062017e-03,5.416463547230257802e+01,7.709525809267780971e-01
4.185533365089313520e+02,-1.179959241532263604e+03,7.000000000000000000e+00,7.000000000000000000e+00,9.999993318060639291e-01,1.156022242721598285e-03,-4.896400096231673160e+00,2.339840941360975648e+03,-6.440543868619323653e-02,1.840881386731750785e-04,5.446615200957081981e+01,-1.412492203599597929e+00
4.183385611911638762e+02,-1.150371323148572174e+03,7.000000000000000000e+00,7.000000000000000000e+00,9.998414883401923747e-01,1.780444308786018406e-02,-6.502442875448366522e+00,2.369374866018082230e+03,-5.604920855670791208e-02,3.831181197167978360e-04,5.303464170942289968e+01,-1.339960615158446444e+00
4.170893077534582858e+02,-1.120559871555089330e+03,7.000000000000000000e+00,7.000000000000000000e+00,9.947162981254785707e-01,1.026619999977796821e-01,-6.762242151711632232e+00,2.398645020269051201e+03,-8.231747394833886788e-02,-2.171426696751166483e-03,5.339418351744406266e+01,7.724291968011165466e-01
4.133483149256360321e+02,-1.090908914352721467e+03,7.000000000000000000e+00,7.000000000000000000e+00,9.850845272205260850e-01,1.720711313111893126e-01,-6.431222497135678395e+00,2.428074836761991264e+03,-1.733050786558842093e-01,-4.020037827911044151e-03,5.365258506686379292e+01,5.913596139887200565e-01
4.067108785537521953e+02,-1.061583527985112369e+03,7.000000000000000000e+00,7.000000000000000000e+00,9.683524564652651323e-01,2.495866984790792997e-01,-6.713223067693320445e+00,2.457625045244892135e+03,-2.869996133375772307e-01,-3.694482817778888678e-03,5.386727120863503870e+01,5.220459184640091621e-01
3.963215999971397991e+02,-1.032637086703284012e+03,7.000000000000000000e+00,7.000000000000000000e+00,9.151584282182407826e-01,4.030943453598908599e-01,-6.608469334507503845e+00,2.487296371381893550e+03,-3.990100414508804816e-01,-3.872247550720458488e-03,5.407022180163500025e+01,4.519920547868672145e-01
3.829887429417997851e+02,-1.005430289256608603e+03,7.000000000000000000e+00,7.000000000000000000e+00,8.796366297327986583e-01,4.756462967713753764e-01,-6.629243950176146427e+00,2.517059808593342041e+03,-5.141846837311556673e-01,-3.875090827320446397e-03,5.422886485246453248e+01,4.291269397306685107e-01
3.663409563665335327e+02,-9.793346601675079910e+02,7.000000000000000000e+00,7.000000000000000000e+00,7.907532168198357914e-01,6.121350750357976711e-01,-6.757929742405565321e+00,2.546922331559098438e+03,-6.292511725827439895e-01,-3.885577556983387231e-03,5.441352335341953506e+01,-1.541408251280422803e+00
3.472075099777509308e+02,-9.561203640687780307e+02,7.000000000000000000e+00,7.000000000000000000e+00,7.383064509341634718e-01,6.744654064583295305e-01,-6.704304445065645268e+00,2.576457737324281879e+03,-7.410256523767305703e-01,-3.659531322722654311e-03,5.299573825144019423e+01,-1.415060196921000824e+00
3.259855487056727270e+02,-9.352404452590732262e+02,7.000000000000000000e+00,7.000000000000000000e+00,6.808372203917049115e-01,7.324347611421081483e-01,-6.749432949562219619e+00,2.605680793060387714e+03,-8.516580629174373973e-01,-3.835317213808896782e-03,5.328147519588273440e+01,5.552566872423181366e-01
3.019057142215542058e+02,-9.166936481797212082e+02,7.000000000000000000e+00,7.000000000000000000e+00,5.542642120167717845e-01,8.323407855424526103e-01,-6.541017371693669702e+00,2.635001942097490428e+03,-9.679861250692577412e-01,-4.082735820543061112e-03,5.343994360123404874e+01,5.273695971302583274e-01
2.763051106247503981e+02,-9.010723125482983278e+02,7.000000000000000000e+00,7.000000000000000000e+00,4.849606326461263217e-01,8.745359825550169663e-01,-6.687689034964023449e+00,2.664455765300881922e+03,-1.075684647475022127e+00,-3.235906218951091397e-03,5.370337087358694106e+01,5.217977804220108595e-01
2.485877530444584806e+02,-8.880581665011821997e+02,7.000000000000000000e+00,7.000000000000000000e+00,3.381568278622594792e-01,9.410897724288231903e-01,-6.449554172532998564e+00,2.694021908047512170e+03,-1.193105478800837949e+00,-4.721241099682770871e-03,5.385738182557165743e+01,3.927680735940963785e-01
2.198639225282494465e+02,-8.786939725910326615e+02,7.000000000000000000e+00,7.000000000000000000e+00,2.549159156152430161e-01,9.669632236884928567e-01,-6.667315324707146829e+00,2.723659706999123955e+03,-1.318307273025425275e+00,-3.742928935429864178e-03,5.401758533246221816e+01,4.762338318861658593e-01
1.901067510963360405e+02,-8.726461110071041958e+02,7.000000000000000000e+00,7.000000000000000000e+00,1.668285312923863950e-01,9.859859234019647811e-01,-6.760308162987143987e+00,2.753421554498493606e+03,-1.427809044356927126e+00,-3.636032532125343768e-03,5.423836889108059012e+01,4.853381696811531754e-01
1.593427578221484850e+02,-8.705852481970230201e+02,7.000000000000000000e+00,7.000000000000000000e+00,1.669538841156170683e-02,9.998606222898205331e-01,-6.073493320587203925e+00,2.783277312009927300e+03,-1.522793990593261260e+00,-2.776081228313797243e-03,5.440585586820714070e+01,-1.547771168993845592e+00
1.295558533368418921e+02,-8.707750624845961056e+02,7.000000000000000000e+00,7.000000000000000000e+00,-1.841559170482891250e-02,9.998304186121569348e-01,-5.687973928364044696e+00,2.812858717922540563e+03,-1.569551031807974173e+00,-3.674962305272491789e-04,5.300015195588551364e+01,-1.305870915098443774e+00
1.003040267769857223e+02,-8.716357118890317679e+02,7.000000000000000000e+00,7.000000000000000000e+00,-2.151749765425238492e-02,9.997684718447062968e-01,-4.950067437556299410e+00,2.842109035596089598e+03,-1.584592002401072008e+00,-6.524066512735596192e-04,5.336115913612838568e+01,9.062336143246874087e-01
7.087110196242885252e+01,-8.722064075858640990e+02,7.000000000000000000e+00,7.000000000000000000e+00,-1.946355538525004064e-02,9.998105670634639397e-01,-5.066355829805161193e+00,2.871557882615713424e+03,-1.589973192409245728e+00,2.806312706500000147e-04,5.372513884734526357e+01,8.850444644773958203e-01
4.122872634263518421e+01,-8.728105402536099291e+02,7.000000000000000000e+00,7.000000000000000000e+00,-2.019777892592247368e-02,9.997960040560571748e-01,-4.908253737451445886e+00,2.901203086677965985e+03,-1.589172336078626069e+00,-2.233721746102263991e-04,5.406919470771030234e+01,8.352627608164819861e-01
1.145655301529435199e+01,-8.733496579213095856e+02,7.000000000000000000e+00,7.000000000000000000e+00,-1.025227239714292422e-02,9.999474440742847081e-01,-5.015201850110315718e+00,2.931029992480996498e+03,-1.587808466468385804e+00,3.148173663897455878e-04,5.439334905599844916e+01,-1.046272858263606054e+00
-1.820921706971116549e+01,-8.735724303787615099e+02,7.000000000000000000e+00,7.000000000000000000e+00,-3.961281358372419938e-03,9.999921540942208198e-01,-5.158006016722538334e+00,2.960729000313376218e+03,-1.584995191939982950e+00,-1.287433611124722108e-04,5.323217642109941750e+01,-1.367389325185284221e+00
-4.746955886829783111e+01,-8.736764581720232172e+02,7.000000000000000000e+00,7.000000000000000000e+00,-9.668425361167630114e-03,9.999532596831891551e-01,-5.525107987823275835e+00,2.989960148758454579e+03,-1.613188518255876724e+00,-1.789175908987017003e-03,5.329943759585022178e+01,4.617390182425218370e-01
-7.743151623566613750e+01,-8.748710988395088179e+02,7.000000000000000000e+00,7.000000000000000000e+00,-1.080121125135308363e-01,9.941495780567249918e-01,-6.380327215906618221e+00,3.019355364873932103e+03,-1.679601430905523385e+00,-2.731632266684047138e-03,5.360156763569343497e+01,6.323417665299668755e-01
-1.071980393593383525e+02,-8.791769210526966845e+02,7.000000000000000000e+00,7.000000000000000000e+00,-1.916866562228171089e-01,9.814561762127310685e-01,-6.539089595278142042e+00,3.048884329320942015e+03,-1.781517775486274102e+00,-4.185910391486989679e-03,5.380531100907419528e+01,4.887506316631817782e-01
-1.369176193297722648e+02,-8.871204242342740827e+02,7.000000000000000000e+00,7.000000000000000000e+00,-3.545819529056401520e-01,9.350249401345519518e-01,-6.890080457310773454e+00,3.078506069785573345e+03,-1.895354300135006165e+00,-3.516682469615658134e-03,5.399256814102398039e+01,4.780870106014933896e-01
-1.649491653387644021e+02,-8.985852073298383402e+02,7.000000000000000000e+00,7.000000000000000000e+00,-4.298833905893621465e-01,9.028844170188086160e-01,-6.550671634216428174e+00,3.108248542462672503e+03,-2.009139780274416420e+00,-4.151163480050770217e-03,5.418778061755538999e+01,4.135249001068963537e-01
-1.916821626801779246e+02,-9.129685925212198754e+02,7.000000000000000000e+00,7.000000000000000000e+00,-5.023725290595589810e-01,8.646512834931217029e-01,-6.736209983824551273e+00,3.138063034610632712e+03,-2.127602466952959848e+00,-3.811571341463290945e-03,5.432338806110949747e+01,-6.483099047626961209e-01
-2.169447586408416555e+02,-9.308003137094215163e+02,7.000000000000000000e+00,7.000000000000000000e+00,-6.367229442323245614e-01,7.710926612853478135e-01,-6.698419634333390604e+00,3.167885077822359108e+03,-2.241479567596982303e+00,-3.898975965304311581e-03,5.366913269374523310e+01,-1.486479189624452246e+00
-2.391544355990484405e+02,-9.506197968187598235e+02,7.000000000000000000e+00,7.000000000000000000e+00,-6.977658883057579198e-01,7.163258791338454889e-01,-6.709938189567083100e+00,3.197102364865673280e+03,-2.353634316175452046e+00,3.669148914875610713e-03,5.313420470940993567e+01,-3.723182109782285920e-01
-2.595162096728068377e+02,-9.731602126915663575e+02,7.000000000000000000e+00,7.000000000000000000e+00,-8.048258598387399987e-01,5.935110237685841117e-01,-6.743872046881222104e+00,3.226381464293587669e+03,-2.466978026313707328e+00,4.045794348491468448e-03,5.337127812496265022e+01,5.524889410876898665e-01
-2.766743439450200981e+02,-9.976820648734251336e+02,7.000000000000000000e+00,7.000000000000000000e+00,-8.502734364944686263e-01,5.263412231546061859e-01,-6.612466336868521921e+00,3.255770948244985448e+03,-2.580094452249001691e+00,3.644156777813391777e-03,5.357619586228008757e+01,5.432721374329130271e-01
-2.912583960672476451e+02,-1.023961310618050902e+03,7.000000000000000000e+00,7.000000000000000000e+00,-8.900696791260885865e-01,4.558244906763805893e-01,-6.570137985835515337e+00,3.285291817134422217e+03,-2.689882830665461633e+00,3.801713931722261811e-03,5.380589583490898065e+01,4.946610893437153322e-01
-3.029897327372804057e+02,-1.052319343887444802e+03,7.000000000000000000e+00,7.000000000000000000e+00,-9.526339599693207649e-01,3.041192830340927467e-01,-6.470057174511737230e+00,3.314910949514274307e+03,-2.811764149522304912e+00,4.441578947017249188e-03,5.397192473375505983e+01,4.583539554671300920e-01
-3.110299688720384665e+02,-1.081539844235464443e+03,7.000000000000000000e+00,7.000000000000000000e+00,-9.761503887046591998e-01,2.170954136589318961e-01,-6.600512315511878114e+00,3.344627991828932863e+03,-2.934490459593948941e+00,3.836545383405101303e-03,5.417257899928268472e+01,4.707446018391703291e-01
-3.155571885297468384e+02,-1.112160760023539751e+03,7.000000000000000000e+00,7.000000000000000000e+00,-9.987782949148333866e-01,4.941576273840305594e-02,-6.511266574293415488e+00,3.374473904404293535e+03,-3.043167884463079620e+00,3.529097384806703566e-03,5.434852041522639610e+01,-1.369845887706349075e+00
-3.163357667277573455e+02,-1.141902507689800359e+03,7.000000000000000000e+00,7.000000000000000000e+00,-9.999919684745063320e-01,-4.007865576842755198e-03,-5.932339197543171849e+00,3.403901080990291121e+03,-3.117551835960354456e+00,1.491490558994941528e-03,5.307670228911760546e+01,-1.130954764457348105e+00
-3.157093473373019492e+02,-1.171304617535858597e+03,7.000000000000000000e+00,7.000000000000000000e+00,-9.996866051173621814e-01,-2.503380811868737010e-02,-5.245868470410641748e+00,3.433195707655620026e+03,3.134766798976900137e+00,6.057221583090952695e-04,5.344375660366051761e+01,8.877934501693296454e-01
-3.149769803746359571e+02,-1.200747434846020724e+03,7.000000000000000000e+00,7.000000000000000000e+00,-9.998381997994412185e-01,-1.798816893996103145e-02,-4.975534762495897212e+00,3.462683981306451187e+03,3.118256859813704374e+00,5.148376703533340173e-04,5.378693704925306918e+01,8.385751894197657208e-01
-3.144604185298076118e+02,-1.230411121403970355e+03,7.000000000000000000e+00,7.000000000000000000e+00,-9.998498138024591864e-01,-1.733060412067743625e-02,-5.376541040046959097e+00,3.492358179488307542e+03,3.122003858892263839e+00,-7.597419079833002842e-04,5.411461675519633019e+01,7.984267203225403620e-01
-3.139395305373834617e+02,-1.260254608340475897e+03,7.000000000000000000e+00,7.000000000000000000e+00,-9.998480350844795028e-01,-1.743292108929406573e-02,-5.103888706850284507e+00,3.522206901943733101e+03,3.131523670170731410e+00,1.181893137325321438e-04,5.442567842551110147e+01,-1.294634494590258811e+00
-3.135029476368055725e+02,-1.289960175873646904e+03,7.000000000000000000e+00,7.000000000000000000e+00,-9.994918934920141718e-01,-3.187404655434107614e-02,-5.019759097657470193e+00,3.551843519922149426e+03,3.129066545579958447e+00,4.740670430735512630e-05,5.307890915952412314e+01,-1.336716563456308293e+00
-3.122580343150334556e+02,-1.319170228832125076e+03,7.000000000000000000e+00,7.000000000000000000e+00,-9.995372850274555354e-01,-3.041736083132744184e-02,-4.161093369723971591e+00,3.581089562366195423e+03,3.129012338018827499e+00,-4.403469886304355887e-05,5.335630517474605483e+01,7.878029364268535062e-01
-3.118825220905864626e+02,-1.348543837166799449e+03,7.000000000000000000e+00,7.000000000000000000e+00,-9.999008280852422770e-01,-1.408311025472238839e-02,-4.135513164810390663e+00,3.610533596823326661e+03,3.129320054807281704e+00,2.269111283503575196e-05,5.370915150866560595e+01,8.594221585912631411e-01
-3.114651971145904099e+02,-1.378173910462516460e+03,7.000000000000000000e+00,7.000000000000000000e+00,-9.999008280852422770e-01,-1.408311025472238839e-02,-4.091747600471876467e+00,3.640166641200672984e+03,3.128615700663321952e+00,2.484174802050486956e-05,5.404384290161906534e+01,8.151641786902530384e-01
-3.110453468103001455e+02,-1.407983282067124264e+03,7.000000000000000000e+00,7.000000000000000000e+00,-9.999008280852422770e-01,-1.408311025472238839e-02,-4.069729563398766459e+00,3.669978977481709080e+03,3.127410737271803853e+00,5.622130269848592856e-05,5.436128285161780838e+01,-7.630977210900358187e-01
-3.106260720010564000e+02,-1.437751793523431161e+03,7.000000000000000000e+00,7.000000000000000000e+00,-9.999008280852422770e-01,-1.408311025472238839e-02,-4.097607100107552469e+00,3.699750454483144040e+03,3.125823470837945095e+00,5.124881986410446429e-05,5.343336472474703669e+01,-1.353612681129368056e+00
-3.102143021865941819e+02,-1.466987450350244899e+03,7.000000000000000000e+00,7.000000000000000000e+00,-9.999008280852422770e-01,-1.408311025472238839e-02,-4.169197356903111995e+00,3.728989098597401608e+03,3.125488204108214152e+00,-2.908683667227402359e-05,5.327839270671431393e+01,2.522302696363887264e-01
-3.098002272402720223e+02,-1.496386771539119309e+03,7.000000000000000000e+00,7.000000000000000000e+00,-9.999008280852422770e-01,-1.408311025472238839e-02,-4.216112896412880673e+00,3.758391373092678805e+03,3.138219451736016463e+00,-8.866408780688756473e-05,5.363514894045614767e+01,-1.857735274087751520e+01
